2021 14.7 15.7 15.8 9999.0 9999.0 9999.0 9999.0 9999.0 9999.0 9999.0 9999.0 9999.0
2020 14.0 15.2 17.2 19.7 25.7 27.2 32.3 32.8 29.5 23.1 19.1 16.1
2019 12.0 15.4 18.7 20.5 22.2 31.0 32.1 34.1 29.6 25.3 20.0 15.3
2018 13.9 13.7 17.0 23.9 26.2 28.6 31.3 32.8 29.1 24.9 19.5 14.3
2017 10.5 15.6 19.0 20.7 24.6 30.3 33.1 34.2 27.7 23.5 17.9 13.9
2016 14.1 17.4 16.3 22.7 23.2 29.8 32.6 32.3 27.1 22.8 18.2 13.7
2015 13.7 13.3 16.0 19.8 25.6 28.4 33.9 33.0 29.3 23.5 20.3 15.7
2014 14.8 15.7 17.4 19.6 23.1 28.7 30.4 31.5 26.8 22.8 19.1 15.3
2013 13.4 13.7 16.6 22.0 26.0 28.6 32.0 33.7 28.2 23.6 18.9 14.9
2012 11.3 11.8 17.4 20.1 24.0 31.1 34.4 34.0 29.0 25.3 19.6 13.2
2011 13.4 14.9 16.2 19.8 24.3 29.0 31.9 32.8 30.8 21.7 17.3 14.2
2010 13.0 13.9 15.8 21.1 24.3 27.8 31.5 32.8 26.5 21.3 20.3 14.7