2021 13.6 15.0 15.6 9999.0 9999.0 9999.0 9999.0 9999.0 9999.0 9999.0 9999.0 9999.0
2020 12.3 15.6 17.5 19.7 26.7 30.2 32.3 32.5 29.2 24.5 16.9 15.0
2019 9.6 13.5 18.7 19.9 25.9 32.1 32.5 33.5 29.4 24.7 20.1 13.3
2018 12.9 13.3 18.8 23.8 26.8 29.8 32.8 31.6 28.3 22.5 16.7 11.7
2017 6.7 14.3 18.2 21.2 26.1 31.4 32.9 33.0 29.4 23.0 16.8 14.5
2016 12.3 17.6 17.0 23.9 25.1 31.5 32.9 32.1 27.0 21.3 16.5 10.8
2015 12.4 12.7 13.9 20.7 26.7 28.6 33.1 32.5 29.0 21.1 19.7 13.2
2014 13.6 15.0 17.6 20.5 26.1 30.5 32.5 33.2 27.6 21.4 16.2 13.0
2013 12.5 13.9 16.6 22.8 27.6 30.1 31.9 33.0 29.6 22.8 18.4 12.0
2012 9.7 10.0 16.3 21.2 25.6 32.2 34.8 33.9 28.7 25.0 17.8 11.7
2011 11.4 12.2 14.8 18.3 23.9 29.5 33.7 31.8 29.6 19.9 13.8 12.9
2010 11.3 14.9 16.2 20.7 26.7 30.1 32.9 34.6 27.6 19.5 20.0 13.4