2021 14.4 15.1 15.1 9999.0 9999.0 9999.0 9999.0 9999.0 9999.0 9999.0 9999.0 9999.0
2020 12.2 14.7 16.8 19.1 26.2 28.8 32.3 32.9 29.2 24.0 17.2 15.1
2019 10.5 12.8 17.3 19.1 23.9 30.9 32.1 33.1 28.9 24.8 19.8 14.0
2018 13.0 13.5 18.1 23.9 26.4 29.0 32.5 31.4 27.7 22.4 17.5 12.5
2017 8.5 14.1 17.8 21.0 25.2 30.3 33.0 32.8 29.0 22.8 17.1 13.9
2016 13.0 17.4 16.4 23.9 24.5 30.9 32.7 32.0 27.1 21.9 17.3 11.2
2015 12.5 12.0 14.1 19.8 26.2 27.8 32.7 32.1 29.4 21.8 19.8 14.4
2014 14.0 15.2 16.8 19.9 24.5 29.3 31.7 33.1 27.3 21.6 17.1 14.6
2013 12.7 13.7 16.6 22.1 26.9 29.6 31.9 32.6 29.0 22.8 17.9 12.7
2012 9.7 10.6 16.3 20.7 24.7 31.6 34.8 33.8 28.9 24.8 18.3 12.7
2011 12.2 12.8 14.4 17.9 23.2 29.0 33.4 32.1 29.7 19.6 14.8 13.4
2010 12.0 14.8 16.5 21.1 26.4 29.4 32.2 34.2 27.7 20.6 20.8 14.9