2020 9.8 13.1 14.9 17.7 24.1 27.8 31.3 31.3 28.7 22.7 15.6 12.1
2019 6.7 11.4 17.1 18.1 23.1 30.2 31.1 33.1 28.1 23.2 17.5 10.8
2018 10.3 10.1 15.2 23.3 25.8 28.2 30.7 31.4 27.3 21.5 15.0 8.9
2017 4.0 11.7 16.5 19.3 24.2 29.8 32.0 32.5 27.4 20.9 14.2 11.8
2016 9.3 15.0 14.4 22.1 23.0 30.0 32.0 31.6 26.0 19.4 13.7 8.7
2015 9.5 10.3 11.4 18.1 25.3 27.4 32.5 32.0 27.7 19.2 17.8 11.5
2014 10.7 12.8 15.5 18.0 23.5 28.2 30.6 31.4 24.8 19.3 13.9 10.4
2013 9.4 10.9 13.9 20.4 26.4 28.6 31.2 32.7 27.2 20.8 15.7 9.4
2012 5.7 6.6 14.5 19.3 23.7 30.9 34.4 33.1 28.0 23.4 16.0 8.4
2011 8.4 9.7 12.8 17.1 22.8 28.0 32.2 31.6 29.0 18.1 11.8 10.0
2010 7.9 10.7 13.6 19 24.3 27.9 30.6 33.4 26.2 17.1 18.4 10.1