2020 13.8 15.9 17.8 20.0 26.6 28.5 32.9 33.3 30.2 25.1 19.2 16.4
2019 11.7 13.6 18.0 19.6 23.4 30.9 32.2 33.9 29.7 25.9 20.6 15.8
2018 14.4 14.9 18.8 24.0 26.8 29.1 32.0 32.4 28.1 23.7 19.2 14.3
2017 11.0 15.4 18.3 21.1 25.4 30.6 33.5 33.8 29.2 23.8 18.2 14.9
2016 14.5 18.4 17.2 24.0 24.8 31.2 33.0 32.7 27.8 23.3 18.6 12.9
2015 13.6 12.9 15.6 20.0 25.8 28.0 33.2 32.8 30.1 23.6 21.1 16.1
2014 15.1 15.7 17.4 20.0 24.3 29.4 31.7 33.1 28.1 22.7 18.6 15.8
2013 13.8 14.6 17.6 22.4 27.2 29.7 32.4 33.6 29.1 23.7 19.0 14.5
2012 11.0 11.1 16.9 20.5 24.9 32.3 35.3 34.7 30.0 25.9 19.8 14.3
2011 13.2 14.1 15.1 18.6 23.5 28.8 33.3 33.0 30.7 21.0 16.5 14.6
2010 12.5 14.3 17.1 21.6 26.0 29.1 30.2 34.4 28.2 21.7 20.9 15.4