2020 14.8 16.5 18.3 18.9 26.7 28.5 31.6 32.0 30.3 26.9 19.6 18.4
2019 14.9 15.3 18.0 20.4 24.7 29.8 31.5 31.7 28.5 26.1 23.3 17.8
2018 16.2 17.5 20.8 23.6 26.6 29.7 32.3 31.1 28.6 24.2 20.8 16.3
2017 13.7 16.3 17.7 21.1 25.5 29.7 32.3 31.0 29.3 23.6 20.4 17.7
2016 16.1 19.4 19.2 24.2 25.5 30.6 31.5 31.3 28.5 25.1 21.0 14.3
2015 15.6 15.0 17.5 20.6 25.2 27.5 30.8 31.5 29.9 24.8 21.4 16.8
2014 17.2 17.3 18.0 21.5 24.7 29.1 30.9 32.1 28.9 24.4 20.6 18.7
2013 15.6 17.3 19.6 22.1 27.2 28.8 30.5 31.2 29.0 24.3 21.7 16.2
2012 13.4 14.4 17.3 22.2 24.9 29.5 33.1 32.4 29.1 26.4 21.6 17.1
2011 16.0 15.8 17.1 19.2 23.2 28.5 31.6 30.6 28.9 21.9 17.1 16.7
2010 16.4 18.4 19.0 21.5 25.8 28.9 31.2 32.3 29.0 24.8 22.8 19.1