2020 13.3 15.1 16.6 18.8 24.4 27.6 30.3 31.0 28.8 25.1 18.7 17.1
2019 13.4 14.0 16.9 18.7 23.7 29.1 30.3 30.7 27.0 24.2 21.5 16.1
2018 14.5 15.6 18.2 22.1 25.9 28.9 31.6 30.4 27.6 22.4 18.7 14.1
2017 11.6 14.6 16.9 20.0 24.2 29.4 31.4 30.3 28.2 22.2 18.6 15.8
2016 13.9 17.4 17.1 22.2 23.8 29.8 31.1 30.7 27.7 23.2 18.8 12.4
2015 13.5 13.5 15.2 18.9 24.4 26.8 30.4 31.2 28.5 23.1 20.3 15.5
2014 15.2 15.3 16.4 19.9 23.5 28.0 30.4 31.2 27.2 22.4 18.1 16.8
2013 13.7 14.9 16.6 20.2 25.0 27.5 29.0 29.5 27.1 21.4 19.1 13.5
2012 10.9 12.2 15.2 20.4 23.5 28.6 31.3 30.8 26.8 24.5 19.2 14.6
2011 13.4 13.5 14.5 16.7 21.9 27.4 30.8 29.3 27.7 20.1 14.8 15.0
2010 13.5 15.7 16.4 19.7 24.7 27.5 29.7 31.4 27.0 21.5 21.0 16.4