2021   12   10   3   9999   9999   9999   9999   9999   9999   9999   9999   9999
2020   5   8   8   2   7   2   5   7   9   9   4   11
2019   3   3   10   3   2   9   3   8   5   10   9   7
2018   9   5   12   10   9   3   6   1   3   6   6   2
2017   1   7   11   7   6   8   9   6   7   7   2   6
2016   10   12   5   11   3   10   7   2   1   5   5   1
2015   7   2   1   4   8   1   8   3   10   4   10   8
2014   11   11   9   5   4   5   1   9   2   3   3   9
2013   8   6   7   9   11   7   2   5   8   8   7   3
2012   2   1   4   6   5   11   11   10   6   11   8   4
2011   6   4   2   1   1   4   10   4   11   1   1   5
2010   4   9   6   8   10   6   4   11   4   2   11   10