2021   11   11   1   9999   9999   9999   9999   9999   9999   9999   9999   9999
2020   9   7   8   2   9   1   7   3   9   5   5   11
2019   3   8   11   6   1   10   6   10   10   10   9   8
2018   8   3   7   11   11   4   2   4   7   9   7   5
2017   1   9   12   7   7   9   9   11   4   6   2   3
2016   10   12   5   10   3   8   8   2   3   3   3   2
2015   7   2   3   3   8   3   10   7   8   7   10   10
2014   12   10   9   1   2   6   1   1   2   4   6   9
2013   5   4   6   9   10   5   5   8   5   8   4   7
2012   2   1   10   5   4   11   11   9   6   11   8   1
2011   6   6   4   4   5   7   4   5   11   2   1   4
2010   4   5   2   8   6   2   3   6   1   1   11   6