2021   11   9   3   9999   9999   9999   9999   9999   9999   9999   9999   9999
2020   6   11   8   2   7   6   2   4   7   9   6   11
2019   2   5   11   3   4   10   3   9   8   10   11   8
2018   10   4   12   10   10   3   5   1   4   6   4   2
2017   1   7   10   7   5   8   6   6   9   8   5   10
2016   7   12   7   11   2   9   7   3   1   4   3   1
2015   8   3   1   5   8   1   9   5   6   3   9   7
2014   12   10   9   4   6   7   4   8   2   5   2   6
2013   9   6   6   9   11   4   1   7   10   7   8   4
2012   3   1   5   8   3   11   11   10   5   11   7   3
2011   5   2   2   1   1   2   10   2   11   2   1   5
2010   4   8   4   6   9   5   8   11   3   1   10   9