2021   10   9   3   9999   9999   9999   9999   9999   9999   9999   9999   9999
2020   9   11   8   2   6   2   6   1   10   9   6   11
2019   3   7   12   4   3   10   4   9   9   10   9   8
2018   11   3   9   11   10   5   3   2   5   8   5   3
2017   1   8   11   7   7   8   7   7   6   7   4   10
2016   6   12   6   10   2   9   8   4   2   5   2   2
2015   8   4   1   5   9   1   10   6   7   3   10   9
2014   12   10   10   3   4   6   1   3   1   4   3   7
2013   7   6   5   9   11   7   5   8   4   6   7   4
2012   2   1   7   8   5   11   11   10   8   11   8   1
2011   5   2   2   1   1   4   9   5   11   2   1   5
2010   4   5   4   6   8   3   2   11   3   1   11   6