2021   7   10   2   9999   9999   9999   9999   9999   9999   9999   9999   9999
2020   3   6   8   1   10   2   7   8   11   11   2   9
2019   4   3   6   3   2   10   5   7   1   9   11   8
2018   10   9   12   10   9   8   9   3   3   3   5   3
2017   2   5   5   5   6   9   10   2   9   2   3   7
2016   9   12   10   11   7   11   6   5   2   8   6   1
2015   5   2   4   4   5   1   2   6   10   6   7   5
2014   12   7   7   6   3   6   3   9   4   5   4   10
2013   6   8   11   8   11   4   1   4   6   4   9   2
2012   1   1   3   9   4   7   11   11   8   10   8   6
2011   8   4   1   2   1   3   8   1   5   1   1   4
2010   11   11   9   7   8   5   4   10   7   7   10   11