2021   12   9   4   9999   9999   9999   9999   9999   9999   9999   9999   9999
2020   3   7   7   3   7   5   3   8   11   11   4   11
2019   4   4   9   2   4   9   4   5   2   9   11   8
2018   10   10   12   10   11   8   11   4   6   5   5   3
2017   2   5   10   7   6   10   10   3   9   4   3   7
2016   9   12   11   11   5   11   8   6   7   8   6   1
2015   6   2   2   4   8   1   5   9   10   7   9   6
2014   11   8   5   6   2   6   6   10   5   6   2   10
2013   8   6   8   8   10   3   1   2   4   2   7   2
2012   1   1   3   9   3   7   9   7   1   10   8   4
2011   5   3   1   1   1   2   7   1   8   1   1   5
2010   7   11   6   5   9   4   2   11   3   3   10   9