2021   12   11   3   9999   9999   9999   9999   9999   9999   9999   9999   9999
2020   7   10   9   3   9   2   6   6   10   9   6   11
2019   3   3   10   2   1   9   4   9   7   10   9   8
2018   9   7   12   10   10   4   3   1   2   6   7   2
2017   1   8   11   7   6   8   10   8   6   8   2   6
2016   10   12   6   11   4   10   7   2   1   4   3   1
2015   6   2   2   4   7   1   8   3   9   5   11   10
2014   11   9   7   5   3   6   2   5   3   3   4   9
2013   8   6   8   9   11   7   5   7   5   7   5   4
2012   2   1   4   6   5   11   11   11   8   11   8   3
2011   5   4   1   1   2   3   9   4   11   1   1   5
2010   4   5   5   8   8   5   1   10   4   2   10   7